0.6340904262768188 1
0.31704521313840783 2
0.04590886559584796 3
0.0028122123232704596 4
0.0001374794151000981 5
5.601294749057936e-06 6
1.9579281728585851e-07 7
5.9954952663846e-09 8
1.633896478331262e-10 9
4.012042061680101e-12 10
8.965517592566782e-14 11
1.838308427092129e-15 12
3.4824309810874566e-17 13
6.130696863288918e-19 14
1.0080683166959939e-20 15
1.554994996501525e-22 16
2.2589234948064436e-24 17
3.1009199929096146e-26 18
4.034769984609879e-28 19
4.989686629182262e-30 20
5.879297485616451e-32 21
6.61526386436444e-34 22
7.122363826681138e-36 23
7.35134581919568e-38 24
7.286512941773403e-40 25
6.946548255116159e-42 26
6.378950758041303e-44 27
5.649792402469093e-46 28
4.811806101800941e-48 29
